wuhu:
  extrinsic:
    /front_right_lidar: 
        [        
        -0.95908421,  0.28267688, 0.015846569,  -2.5510359,
        -0.28211772, -0.95889646, 0.030467331,   7.4476752,
        0.023807608, 0.024750151,  0.99941015,  0.53261304,
                  0,           0,           0,           1

        ]
    /back_lidar: 
        [        
          0.0659011,  -0.997733, -0.0137683,    1.62281,
          0.9955560,  0.0648126,  0.0683203,    7.35973,
          -0.06727310, -0.0182095,   0.997568,    1.00337,
               0,          0,          0,          1 
        ] 
    /front_left_lidar: 
        [        
          0.0659011,  -0.997733, -0.0137683,    1.62281,
          0.9955560,  0.0648126,  0.0683203,    7.35973,
          -0.06727310, -0.0182095,   0.997568,    1.00337,
               0,          0,          0,          1 
        ]    

    /front_right_radar: 
        [        
            0.08278967, -0.99656694, 0, 3.19710111,
            0.99595725, 0.08277638, -0.0348995, 6.4053528,
            0.0348517, 0.0018265, 0.999391, 0,
            0, 0, 0, 1
        ]
    /back_radar: 
        [        
                -0.01486, 0.9999, 0.003634, -0.0298,
                -0.9992, -0.01506, 0.0376, -1.225,
                0.03769, -0.003034, 0.9993, 0.2123,
                0, 0, 0, 1
        ]
    /front_left_radar: 
        [        
                -0.07412753,  -0.99724835, 0.00936488,    -1.80056685,
                0.99664459,  -0.07404505, -0.0106152,    6.55804537,
            0.0116131, 0.00809427,   0.999907,  -0.015319,
                    0,          0,          0,          1
        ] 
    /front_radar: 
        [        
                0.0653985,   -0.99785926, -0.00193513,     0.20766189,
                0.99770717,   0.06539784,  -0.014745,    6.79682842,
            0.0147839, -0.00161052,    0.999894,  -0.0800156,
                    0,           0,           0,           1
        ]

        




tongling:
  extrinsic:
    /front_right_lidar: 
        [        
            -0.0034586806,   -0.99978948,  -0.021208962, -0.0017207488,
              0.99983323, -0.0030306808,  -0.020142268,     6.6058741,
              0.020074042,  -0.021274643,    0.99959356,    0.30822992,
                        0,             0,             0,             1
        ] 
    /back_lidar: 
        [        
            -0.0033691456,    0.99968249,  -0.027687673,   0.017472554,
              -0.99871749,  -0.004794931,  -0.051746927,   -0.26932383,
            -0.051910676,   0.027417513,    0.99831897,    0.71964335,
                        0,             0,             0,             1
        ]
    /front_left_lidar: 
        [        
            -0.0033691456,    0.99968249,  -0.027687673,   0.017472554,
              -0.99871749,  -0.004794931,  -0.051746927,   -0.26932383,
            -0.051910676,   0.027417513,    0.99831897,    0.71964335,
                        0,             0,             0,             1
        ]    
    /front_lidar: 
        [        
            -0.0033691456,    0.99968249,  -0.027687673,   0.017472554,
              -0.99871749,  -0.004794931,  -0.051746927,   -0.26932383,
            -0.051910676,   0.027417513,    0.99831897,    0.71964335,
                        0,             0,             0,             1
        ]



        
    /front_right_radar: 
        [        
              0.172208, -0.978571,     0.113 , 0.237947,
              0.975153,  0.153116,  -0.16011 ,  7.53742,
              0.139374,  0.137764,  0.980619, -0.217448,
                    0,         0,         0,         1
        ]
    /back_radar: 
        [        
                -0.01486, 0.9999, 0.003634, -0.0298,
                -0.9992, -0.01506, 0.0376, -1.225,
                0.03769, -0.003034, 0.9993, 0.2123,
                0, 0, 0, 1
        ]
    /front_left_radar: 
        [        
              -0.152442,    -0.988308,    0.0030045,     -0.51565,
              0.988044,    -0.152471,   -0.0228696,      7.81078,
              0.0230603, -0.000517715,     0.999734,     0.562124,
              0,            0,            0,            1
        ] 
    /front_radar: 
        [        

        ]


